              precision    recall  f1-score   support

           1       0.99      0.97      0.98      6435
           2       0.98      0.99      0.99     17628
           3       0.98      0.98      0.98     10858
           4       0.98      0.98      0.98      4303
           5       0.99      0.98      0.98      2773
           6       1.00      0.99      0.99      5250
           7       0.99      0.99      0.99      2696

    accuracy                           0.99     49943
   macro avg       0.99      0.98      0.99     49943
weighted avg       0.99      0.99      0.99     49943
