              precision    recall  f1-score   support

           0       0.86      0.82      0.84       565
           1       0.98      0.99      0.98     14582
           2       0.97      0.94      0.96       118
           3       0.98      0.93      0.96       289
           4       0.75      0.86      0.80        21
           5       0.99      0.94      0.97       196
           6       0.97      0.95      0.96       807
           7       1.00      0.97      0.99        77
           8       0.98      0.88      0.93        60
           9       1.00      0.95      0.98       373
          10       0.95      0.94      0.94        95
          11       0.97      0.98      0.97      4566
          12       0.93      0.78      0.85        18
          13       1.00      0.81      0.89        36
          14       0.83      1.00      0.91         5
          15       0.98      0.98      0.98      6918
          16       0.99      0.97      0.98      5576
          17       0.98      0.98      0.98      3886
          18       0.98      0.98      0.98      3700
          19       0.98      0.98      0.98      6599
          20       0.98      0.99      0.98      1204
          21       0.99      0.94      0.96        72
          22       0.95      0.95      0.95        81
          23       1.00      0.98      0.99        61
          24       0.93      0.97      0.95        38

    accuracy                           0.98     49943
   macro avg       0.96      0.94      0.95     49943
weighted avg       0.98      0.98      0.98     49943
