              precision    recall  f1-score   support

           0       0.89      0.89      0.89      2026
           1       0.99      0.99      0.99     24847
           2       0.97      0.85      0.91       113
           3       0.95      0.96      0.95      1502
           4       0.96      0.81      0.88        58
           5       0.90      0.92      0.91       333
           6       0.89      0.91      0.90       238
           7       0.97      0.91      0.94        65
           8       0.94      0.97      0.96        70
           9       0.98      0.96      0.97        49
          10       0.82      1.00      0.90        14
          11       0.91      0.89      0.90       211
          12       0.99      0.98      0.98      6258
          13       0.00      0.00      0.00         1
          14       0.95      0.94      0.95       849
          15       0.91      0.89      0.90       141
          16       0.99      0.85      0.91       155
          17       0.99      0.96      0.98       358
          18       1.00      1.00      1.00       132
          19       0.99      0.98      0.99       504
          20       0.96      0.76      0.85        33
          21       0.97      0.97      0.97      3036
          22       1.00      0.40      0.57         5
          23       0.71      1.00      0.83         5
          24       0.98      0.98      0.98      3257
          25       0.99      0.98      0.99      1369
          26       0.99      0.97      0.98       125
          27       0.96      0.98      0.97      2510
          28       0.97      0.99      0.98       402
          29       0.94      0.91      0.92        33
          30       0.93      0.85      0.89        61
          31       0.96      0.95      0.95      1183

    accuracy                           0.98     49943
   macro avg       0.92      0.89      0.90     49943
weighted avg       0.98      0.98      0.98     49943
