              precision    recall  f1-score   support

           0       0.85      0.96      0.90      8029
           1       0.96      0.94      0.95      3034
           2       0.99      0.96      0.98       953
           3       1.00      0.85      0.92        40
           4       0.92      0.89      0.90        37
           5       1.00      0.67      0.80        15
           6       0.98      0.94      0.96        54
           7       1.00      0.75      0.86        44
           8       0.93      0.91      0.92        43
           9       0.92      0.65      0.76        17
          10       0.96      0.75      0.84        36
          11       0.99      0.95      0.97       132
          12       1.00      1.00      1.00        53
          13       0.98      0.97      0.97      1204
          14       0.92      0.85      0.88        13
          15       1.00      0.38      0.55         8
          16       0.92      0.85      0.88        26
          17       0.89      1.00      0.94        25
          18       0.80      0.67      0.73        12
          19       0.25      0.25      0.25         4
          20       0.83      0.62      0.71         8
          21       0.98      0.95      0.97        65
          22       0.71      0.71      0.71         7
          23       0.30      0.60      0.40         5
          24       0.94      0.94      0.94       800
          25       0.50      0.17      0.25         6
          26       1.00      0.57      0.73         7
          27       0.93      0.76      0.84        17
          28       1.00      0.50      0.67         6
          29       1.00      0.60      0.75         5
          30       0.00      0.00      0.00         2
          31       0.93      0.98      0.95        43
          32       0.75      0.75      0.75         4
          33       1.00      0.40      0.57         5
          34       1.00      0.98      0.99        55
          35       0.97      0.97      0.97       960
          36       0.98      0.97      0.97        87
          37       1.00      0.75      0.86         4
          38       0.83      1.00      0.91         5
          39       1.00      0.60      0.75         5
          40       1.00      0.50      0.67         6
          41       0.91      0.91      0.91        22
          42       1.00      0.50      0.67        10
          43       0.80      0.80      0.80        10
          44       1.00      0.20      0.33         5
          45       1.00      0.50      0.67         2
          46       0.99      0.92      0.95       370
          47       0.71      0.71      0.71         7
          48       0.99      0.98      0.98        98
          49       0.75      1.00      0.86         3
          50       0.00      0.00      0.00         3
          51       1.00      0.87      0.93        31
          52       1.00      0.90      0.95       117
          53       0.80      0.57      0.67         7
          54       0.91      0.77      0.83        13
          55       1.00      0.99      1.00       109
          56       1.00      0.75      0.86        12
          57       0.97      0.94      0.96       543
          58       1.00      0.50      0.67         6
          59       0.33      0.33      0.33         3
          60       0.50      0.86      0.63         7
          61       1.00      0.88      0.93         8
          62       1.00      0.55      0.71        11
          63       1.00      0.83      0.91         6
          64       1.00      0.29      0.44         7
          65       0.98      0.94      0.96       125
          66       0.50      1.00      0.67         1
          67       0.36      0.50      0.42         8
          68       0.97      0.95      0.96       800
          69       1.00      0.50      0.67         2
          70       0.64      0.70      0.67        10
          71       0.00      0.00      0.00         1
          72       0.92      0.97      0.95        75
          73       1.00      0.50      0.67         2
          74       0.40      0.67      0.50         3
          75       1.00      0.98      0.99       103
          76       0.87      0.97      0.92        34
          77       1.00      0.57      0.73         7
          78       1.00      0.80      0.89         5
          79       0.98      0.96      0.97       734
          80       0.97      0.96      0.97       111
          81       1.00      0.67      0.80         6
          82       0.97      1.00      0.98        30
          83       1.00      0.93      0.96        27
          84       1.00      0.88      0.94        25
          85       1.00      0.43      0.60         7
          86       1.00      0.81      0.90        16
          87       1.00      0.96      0.98       109
          88       0.88      0.95      0.91        22
          89       0.00      0.00      0.00         2
          90       0.97      0.97      0.97       561
          91       0.99      0.99      0.99        93
          92       0.98      0.97      0.98       104
          93       0.99      0.99      0.99       178
          94       0.80      0.67      0.73         6
          95       0.92      0.86      0.89        14
          96       0.83      0.83      0.83         6
          97       1.00      0.98      0.99        41
          98       1.00      1.00      1.00         2
         100       1.00      1.00      1.00        34
         101       0.97      0.97      0.97       617
         102       1.00      1.00      1.00        35
         103       0.97      0.99      0.98        73
         104       0.98      0.99      0.99       123
         105       0.78      0.88      0.82         8
         106       0.67      0.67      0.67         3
         107       1.00      0.91      0.95        44
         108       0.86      1.00      0.92        18
         109       1.00      0.95      0.98        22
         110       1.00      0.86      0.92        14
         111       0.99      0.99      0.99       173
         112       0.96      0.97      0.97      2802
         113       0.98      0.98      0.98       631
         114       1.00      0.86      0.92         7
         115       1.00      0.67      0.80         6
         116       1.00      0.40      0.57         5
         117       0.00      0.00      0.00         2
         118       0.80      0.57      0.67         7
         119       0.94      0.94      0.94        18
         120       1.00      0.77      0.87        13
         121       1.00      0.85      0.92        13
         122       0.00      0.00      0.00         2
         123       1.00      1.00      1.00         1
         124       0.98      0.96      0.97       600
         125       0.17      0.50      0.25         2
         126       0.71      1.00      0.83         5
         127       1.00      1.00      1.00         3
         128       1.00      0.33      0.50         3
         130       1.00      0.25      0.40         4
         131       0.86      0.92      0.89        13
         132       1.00      0.71      0.83         7
         133       0.00      0.00      0.00         3
         134       0.50      0.75      0.60         4
         135       0.96      0.93      0.95       391
         136       1.00      0.80      0.89         5
         137       1.00      0.75      0.86         8
         138       1.00      1.00      1.00        45
         139       0.93      0.96      0.94        26
         140       1.00      0.50      0.67         4
         141       0.93      0.95      0.94        44
         142       0.00      0.00      0.00         3
         143       1.00      1.00      1.00       119
         144       1.00      0.98      0.99       147
         145       1.00      1.00      1.00         1
         146       0.99      0.96      0.97       723
         147       0.33      0.25      0.29         4
         148       1.00      0.50      0.67         2
         149       1.00      0.33      0.50         3
         150       1.00      0.57      0.73         7
         151       1.00      0.99      1.00       133
         152       0.00      0.00      0.00         1
         153       0.00      0.00      0.00         1
         154       1.00      0.80      0.89        15
         155       0.00      0.00      0.00         2
         156       0.40      1.00      0.57         2
         157       0.96      0.94      0.95       271
         158       0.00      0.00      0.00         1
         159       0.50      0.50      0.50         2
         160       1.00      0.98      0.99        41
         162       1.00      0.60      0.75         5
         163       1.00      1.00      1.00         4
         164       0.00      0.00      0.00         2
         165       1.00      0.20      0.33         5
         166       0.00      0.00      0.00         5
         167       1.00      1.00      1.00         1
         168       0.97      0.96      0.97       442
         169       1.00      1.00      1.00        15
         170       0.94      1.00      0.97        15
         171       0.00      0.00      0.00         2
         172       0.00      0.00      0.00         1
         173       1.00      0.50      0.67         2
         174       0.67      0.60      0.63        10
         175       1.00      1.00      1.00         3
         176       1.00      0.80      0.89         5
         177       1.00      0.86      0.92         7
         178       1.00      0.67      0.80         3
         179       0.93      0.84      0.88       152
         180       1.00      0.50      0.67         2
         181       1.00      0.93      0.96        14
         182       1.00      1.00      1.00        24
         183       0.00      0.00      0.00         3
         184       0.00      0.00      0.00         1
         185       1.00      0.83      0.91         6
         186       1.00      0.60      0.75         5
         187       0.99      0.99      0.99        87
         188       0.50      0.50      0.50         4
         189       0.95      0.90      0.93        21
         190       0.98      0.95      0.96       654
         191       1.00      0.33      0.50         3
         192       0.80      0.67      0.73         6
         194       0.00      0.00      0.00         3
         195       1.00      0.99      1.00       106
         196       1.00      1.00      1.00       103
         197       0.00      0.00      0.00         1
         198       1.00      1.00      1.00         1
         199       0.00      0.00      0.00         1
         200       0.00      0.00      0.00         1
         201       0.97      0.94      0.95       217
         202       0.00      0.00      0.00         1
         203       0.00      0.00      0.00         2
         204       1.00      0.89      0.94         9
         205       1.00      0.25      0.40         4
         207       0.00      0.00      0.00         4
         208       1.00      0.94      0.97        36
         209       0.00      0.00      0.00         1
         210       0.00      0.00      0.00         2
         211       0.00      0.00      0.00         1
         212       0.99      0.98      0.98       293
         213       1.00      0.98      0.99        41
         214       0.00      0.00      0.00         1
         215       1.00      1.00      1.00         3
         217       0.00      0.00      0.00         2
         218       0.00      0.00      0.00         1
         219       0.00      0.00      0.00         1
         220       1.00      0.67      0.80         9
         221       1.00      0.92      0.96        12
         222       1.00      1.00      1.00         1
         223       0.97      0.96      0.96      1938
         224       0.98      0.95      0.96       124
         225       1.00      1.00      1.00         6
         226       0.67      1.00      0.80         2
         227       1.00      1.00      1.00         1
         228       0.00      0.00      0.00         1
         229       1.00      1.00      1.00         1
         230       1.00      1.00      1.00         6
         231       0.00      0.00      0.00         1
         232       0.75      1.00      0.86         3
         233       0.00      0.00      0.00         2
         234       0.00      0.00      0.00         1
         235       1.00      0.93      0.96       222
         236       0.00      0.00      0.00         1
         237       1.00      0.83      0.91         6
         238       1.00      0.60      0.75         5
         239       0.00      0.00      0.00         2
         240       1.00      1.00      1.00         1
         241       1.00      1.00      1.00         6
         242       0.00      0.00      0.00         2
         243       1.00      0.75      0.86         4
         244       0.00      0.00      0.00         2
         245       0.86      1.00      0.92        12
         246       1.00      0.91      0.95       125
         247       0.70      0.88      0.78         8
         251       0.00      0.00      0.00         1
         252       1.00      0.89      0.94         9
         253       0.00      0.00      0.00         1
         254       0.00      0.00      0.00         2
         255       0.00      0.00      0.00         1
         256       0.75      0.86      0.80         7
         257       0.99      0.97      0.98       479
         258       0.90      1.00      0.95         9
         259       0.00      0.00      0.00         1
         260       1.00      1.00      1.00         3
         261       1.00      1.00      1.00         2
         262       0.00      0.00      0.00         1
         263       0.00      0.00      0.00         1
         264       1.00      1.00      1.00         4
         265       0.00      0.00      0.00         1
         266       0.00      0.00      0.00         3
         267       0.00      0.00      0.00         1
         268       0.82      0.82      0.82        33
         269       0.00      0.00      0.00         2
         270       0.00      0.00      0.00         2
         271       0.00      0.00      0.00         1
         272       0.00      0.00      0.00         1
         273       1.00      0.89      0.94         9
         274       1.00      1.00      1.00         1
         275       1.00      0.25      0.40         4
         276       0.00      0.00      0.00         2
         277       1.00      0.50      0.67         2
         279       1.00      0.84      0.91        99
         281       1.00      1.00      1.00         1
         283       0.00      0.00      0.00         1
         284       0.38      0.43      0.40         7
         285       1.00      0.67      0.80         3
         286       1.00      1.00      1.00         2
         287       1.00      0.50      0.67         2
         288       1.00      0.83      0.91         6
         289       0.97      0.89      0.93       113
         290       0.60      0.75      0.67         4
         291       1.00      0.71      0.83         7
         293       0.00      0.00      0.00         2
         294       1.00      0.25      0.40         4
         295       0.00      0.00      0.00         1
         296       0.50      0.33      0.40         3
         297       0.00      0.00      0.00         1
         298       0.00      0.00      0.00         1
         299       1.00      1.00      1.00         1
         300       0.98      0.92      0.95       267
         301       0.00      0.00      0.00         1
         302       0.00      0.00      0.00         1
         303       1.00      0.80      0.89         5
         305       1.00      0.50      0.67         2
         306       0.75      0.90      0.82        10
         308       0.00      0.00      0.00         1
         309       0.00      0.00      0.00         1
         311       0.99      0.93      0.96       169
         313       0.00      0.00      0.00         1
         314       0.00      0.00      0.00         2
         316       1.00      1.00      1.00         1
         317       0.00      0.00      0.00         2
         318       1.00      0.67      0.80         3
         321       0.00      0.00      0.00         1
         322       0.98      0.95      0.97       309
         323       0.00      0.00      0.00         1
         325       0.00      0.00      0.00         2
         329       1.00      0.67      0.80         3
         330       0.98      0.95      0.97      1697
         331       0.92      0.96      0.94       102
         337       0.00      0.00      0.00         1
         338       0.00      0.00      0.00         1
         340       1.00      1.00      1.00         4
         342       0.95      0.98      0.96       210
         345       0.00      0.00      0.00         2
         348       0.00      0.00      0.00         1
         351       0.90      0.90      0.90        82
         353       1.00      1.00      1.00         1
         358       0.97      0.85      0.90        39
         362       0.00      0.00      0.00         1
         364       0.00      0.00      0.00         1
         366       0.93      0.92      0.92        73
         367       0.94      0.90      0.92        94
         368       0.94      0.85      0.89        72
         369       0.95      0.85      0.90       112
         370       0.86      0.92      0.89       336
         371       0.97      0.91      0.94       162
         372       0.98      0.97      0.97      1533
         373       0.95      0.92      0.94       138
         374       0.95      0.81      0.88        26
         375       0.98      0.92      0.95       119
         376       0.98      0.94      0.96       100
         377       0.97      0.95      0.96        62
         378       0.96      0.93      0.94        82
         379       0.86      0.91      0.88       122
         380       0.87      0.60      0.71        45
         381       0.73      0.75      0.74        32
         382       0.98      0.96      0.97       229
         383       0.99      0.98      0.99      2074
         384       0.99      0.97      0.98       134
         385       0.99      0.94      0.96       158
         386       0.98      0.93      0.96        58
         387       0.93      0.58      0.72        24
         388       0.95      0.59      0.73        34
         389       0.98      0.88      0.92        91
         390       0.92      0.96      0.94        48
         391       0.79      0.87      0.83        62
         392       0.88      0.81      0.84        36
         393       0.80      0.67      0.73        12
         394       0.99      0.96      0.97      1651
         395       1.00      0.98      0.99       125
         396       0.98      0.93      0.96       132
         397       0.95      0.96      0.96       171
         398       0.97      0.86      0.91        35
         399       0.94      0.71      0.81        72
         400       1.00      0.98      0.99       168
         401       1.00      0.78      0.88        45
         402       1.00      0.95      0.98       133
         403       1.00      0.97      0.98       147
         404       0.79      0.81      0.80        37
         405       0.98      0.97      0.98      1474
         406       0.56      0.54      0.55        28
         407       0.96      0.65      0.77        37
         408       0.85      0.41      0.55        27
         409       0.86      0.83      0.85        36
         410       1.00      0.78      0.88        18
         411       0.97      0.95      0.96       114
         412       0.96      0.99      0.97       134
         413       0.98      0.88      0.93        58
         414       0.99      0.97      0.98       181
         415       0.99      0.98      0.98        82
         416       0.98      0.97      0.98      1573
         417       0.95      0.95      0.95        22
         418       0.82      0.82      0.82        22
         419       1.00      0.99      1.00       163
         420       1.00      0.84      0.91        19
         421       0.97      0.93      0.95       124
         422       0.57      0.60      0.59        20
         423       0.99      0.99      0.99       180
         424       1.00      0.72      0.84        18
         425       0.97      0.97      0.97       115
         426       1.00      0.64      0.78        11
         427       1.00      0.96      0.98       168
         428       0.00      0.00      0.00         1
         429       1.00      1.00      1.00         1
         430       1.00      0.92      0.96        13
         431       1.00      1.00      1.00        12
         433       0.00      0.00      0.00         1
         434       1.00      1.00      1.00         1
         435       1.00      1.00      1.00        16

   micro avg       0.95      0.95      0.95     49943
   macro avg       0.74      0.66      0.68     49943
weighted avg       0.95      0.95      0.95     49943
